10215 47471 53890 14549 55358
22235 21109 62341 73859 51238
16739 73380 50910 68421 105059
94755 53506 85929 90517 63006
10162 89233 70168 54099 91052
99155 27547 18425 96185 7212
23145 12852 108857 13424 97144
88473 13661 89682 19257 17405
54163 104333 77692 105497 98496
50337 64526 12225 48736 24262
107284 54883 74823 5466 16478
39250 50663 54506 110825 21745
76597 93411 40395 4158 33122
11666 2919 31744 51955 52191
26733 89392 62988 13301 62166
85163 55675 26194 74581 74392
26496 62436 71856 33603 82048
78112 48273 99207 30375 7510
50922 63035 67857 61248 13086
84190 66171 41773 70763 51529
58146 27069 54979 101876 27750
101151 38095 64020 27651 86398
90587 23417 49623 79031 52724
106078 28451 68379 55074 12830
25123 34215 82272 22232 23378
9599 41164 46963 89850 111065
43798 25949 17471 42705 36104
103793 48311 100270 79657 56031
13616 88820 112082 77067 73856
75473 59181 74979 74001 104405
92211 30446 76850 21230 110255
9764 51906 112516 62115 68921
51558 100499 21318 19910 5053
55118 51763 68177 79730 84718
37682 31740 95731 20588 90742
27644 97984 94374 65628 57707
17903 4455 79205 64104 108858
36825 110394 4922 23500 16158
102852 19771 38528 76951 27073
37924 68742 56193 36309 62206
16069 51843 89020 58159 72976
98436 71600 59493 87464 17131
69978 4087 103331 90811 101610
83954 66415 27110 33743 52833
91790 39872 43934 21500 111025
45038 106432 72065 79162 46205
85491 46533 24769 56918 34233
35170 734 42564 38077 50851
97777 16051 26694 40681 102052
92485 32932 63243 84995 61470
61161 109270 26514 100113 93946
9400 35011 67917 104387 59161
89867 41590 81692 73708 48545
50036 72666 14406 10611 108726
33930 31064 32212 23235 97249
16176 24021 75739 65549 104444
74692 38626 66154 5107 85418
19981 11490 20447 49720 95117
51303 3275 86348 109396 101583
88703 111338 31441 91863 89095
24735 10353 62721 41739 22568
30817 12608 7076 28462 111936
3111 19114 56722 15975 7972
25613 11329 59403 19558 78177
35320 1895 80306 74098 112310
79973 75893 49748 75899 77092
48927 19786 65627 95953 94327
93287 40958 97995 77651 17694
103428 34876 43100 46673 101789
92021 110041 103524 12791 87905
49083 87651 110667 13979 73584
3963 53379 27282 54106 67446
29919 38724 54955 44204 37506
39816 85174 55312 92491 16660
49318 18495 5815 7007 44165
89639 103950 5585 2200 108472
62283 48161 45546 101569 49167
72185 26590 28318 30145 98882
14894 72083 110497 68288 39009
26263 47696 24391 41619 3446
73490 36187 18286 21903 90116
29686 81890 14122 86476 27883
35120 16615 21579 108173 60879
64757 71171 35715 61193 105514
106657 30007 46833 65025 103626
68217 22956 10309 25372 14737
105642 2421 93226 12693 93380
102072 83848 12895 92725 42386
112873 57804 28713 45968 23662
17102 78711 69777 93856 94173
62095 8272 14642 73655 31006
61467 89381 77976 87159 65258
13986 24190 1968 108144 91439
22108 90625 48530 65448 27516
34131 36647 51772 107807 20833
6376 26016 51830 54220 48590
92332 107700 2183 19199 42636
23425 44232 17742 66295 14311
33981 58336 5643 34731 68588
91186 10607 88082 890 78188
112731 9257 96176 54749 6229
95070 10463 49106 28895 73055
44469 10621 72077 102908 77995
26843 35592 24917 106516 1740
52466 16389 11354 26204 29440
22684 31091 33269 74513 108336
23011 41515 40794 66484 9761
23182 101174 55470 93822 109930
66775 45944 24853 50913 821
111502 91278 41687 15338 35552
96112 21450 102256 62932 19396
71708 91328 28526 61202 58273
109161 41959 93279 49849 72990
87546 111636 59501 9946 81161
102604 82932 46399 49073 97204
26257 30466 51481 84288 98935
63373 60290 24861 55264 21682
29788 61548 14341 40895 74858
31138 44036 3741 70690 100249
76565 37500 72794 17505 76534
100527 35181 89298 15855 106863
80287 50007 69914 43017 22352
4236 67548 64740 2957 13071
35541 63275 73088 76713 35743
90644 43706 107174 15053 19858
52363 106039 60544 27401 88620
11656 53991 87486 28230 99044
4590 20453 24789 72818 60292
45482 109044 74720 20093 79092
26324 52947 61920 31226 20176
40412 57632 66535 69385 10524
18659 15730 104815 46541 35419
85340 89380 87935 41025 109778
84441 91984 21937 106089 76750
71821 69779 40537 12645 36946
91244 89238 66045 67235 54947
53374 27689 26978 15035 46715
29315 78628 62438 98227 43137
53273 71694 106620 50055 82819
67476 6494 42739 48552 92372
22323 91832 64696 18266 6801
22116 20663 103742 23785 96146
111671 75562 59899 88841 31402
24295 56441 7306 96954 56100
69104 11343 36987 19475 23311
39979 43545 60589 103684 25545
77249 22567 49270 32779 1856
102346 15633 57599 46378 103154
42170 81001 93741 36087 23799
50556 4259 15406 27275 10873
40748 109474 54202 86500 20072
58536 4477 312 55710 2949
109273 87108 54073 28834 87774
49644 34538 63305 24152 3697
104779 112177 17015 46572 4880
35017 20555 109055 32726 68297
7549 77596 40007 71931 84438
111915 56967 14909 15969 111277
2011 26665 60086 52437 5562
31833 45756 90862 50882 55669
26360 50179 69162 306 51940
57118 110905 17802 1545 44300
77449 66188 34404 33439 43942
45124 32542 49386 67272 45826
75637 6771 75306 87642 75919
70041 107305 6892 36409 33744
31009 70661 62810 9839 42218
55758 78599 68492 58426 25025
22248 44157 110768 46062 108754
15257 36491 54969 108348 93501
7652 99159 98156 26859 41973
62507 86676 16279 49164 30803
16000 105312 33029 64131 50281
16122 81720 61220 28637 75933
74981 77248 62004 76516 7787
107682 36851 94920 97372 1181
49740 4133 12065 68052 85672
5770 78202 59426 73383 92097
53713 50653 55024 31362 44851
98745 61038 57685 100525 109584
50480 60460 1665 24211 26809
45673 62614 106649 16821 94081
58935 104364 85941 83108 37845
16380 43424 14776 88348 28493
87969 89096 86194 88126 31128
47385 66988 104733 34221 101419
19834 4336 7481 28952 51758
19754 81233 102996 98741 101843
69763 6735 72259 72364 78447
35755 102294 111755 20801 39342
111797 76332 92645 78637 95818
72694 70305 63298 32686 19491
8042 56929 30263 22677 38541
8701 29474 26776 56183 11311
88088 28846 53407 99452 65147
76362 29796 25819 107854 71019
6059 101088 32593 36199 34610
109770 59549 32715 95469 82018
56885 479 45711 85346 63870
105053 74358 58293 55967 37195
32074 69869 104863 8016 75968
61231 73594 66569 18507 42616
26920 47101 2920 38842 87822
12552 64001 102419 106123 66823
544 89800 27195 49415 77395
82946 68291 106643 73010 1193
36988 72096 88714 64089 28651
91802 45382 78201 85164 26197
97521 108112 18899 81944 49243
17146 68080 111676 61351 44657
82773 74524 30771 88978 66479
11206 81664 49521 65275 52004
100829 27385 109904 792 84257
36286 103714 67406 94724 43890
87200 33728 56767 48069 102304
16087 32111 45160 736 14241
15481 417 106823 53880 19020
112622 33988 104484 50915 110629
43729 52472 27020 64523 11028
27664 106595 97063 104555 2466
23265 60157 41063 65266 23895
29522 45158 92521 43323 63232
110387 69990 73053 80507 91446
81806 6092 100844 52207 49236
98847 43738 53756 58863 57945
63208 78972 9371 71465 63888
11026 46222 18611 16485 32036
27820 75265 38229 14516 74108
112920 11977 6015 83969 26372
48452 3305 84693 18940 20941
17503 2165 38103 75574 51134
69618 33844 4574 27927 96014
76392 19704 27904 46991 26050
86877 34445 17970 21469 78755
44330 23028 67514 10479 95553
83785 73475 5030 30303 74771
79663 20409 110110 89296 32591
112883 8360 93424 106366 73966
81737 30802 39384 59177 5158
26800 79943 10106 19777 24257
32050 59928 35352 95069 46252
54730 98605 92733 71511 52335
22296 80451 55350 50666 45065
47603 73741 88507 34548 86569
35842 39188 21362 79947 70827
13817 87627 79311 46845 82617
52989 61692 84934 48533 27458
53071 37398 18241 5992 85885
52449 87262 61188 14053 51469
71741 95615 37982 1077 49248
26299 52355 86712 105442 61575
52832 7057 43685 24655 7519
107641 106762 48874 73933 3761
91592 5929 51936 65242 6306
112357 89636 108126 81334 19006
35056 34172 61440 91782 68174
106183 70196 101100 673 2666
54346 81920 70702 53869 70606
58847 59984 71791 13430 71063
32997 54223 62776 40883 82334
109113 108970 42046 1259 67004
31510 5576 20470 91716 36639
50765 36944 10114 21828 50170
461 15472 37850 103000 66078
30643 9688 68650 105850 44055
101507 104657 105090 29160 107556
100571 94230 48872 60708 111979
70667 77620 72587 79842 18250
31213 101516 1698 24235 56481
105050 15966 95228 22285 33250
18619 9605 54787 31877 103603
92182 17147 79291 14611 16145
62277 9100 98272 25543 66819
79637 31627 91561 97752 77714
7871 34624 26934 81852 74077
23064 92747 94592 42573 106189
83345 99799 34087 8936 75797
80952 80281 8635 26034 72314
22941 23804 18359 37654 107258
63059 43483 40695 43008 88221
81727 108217 86063 37807 105239
76780 99752 29632 35246 63967
2519 69938 65641 58409 107920
38865 5883 70956 73571 11947
13754 76874 2435 108267 87845
57860 90998 84904 35546 85339
62930 36878 43487 62803 74534
46924 47600 89121 98096 13148
78345 45110 4537 90861 27471
79851 68136 30402 70508 52250
74012 31360 42327 8421 53751
8568 75523 14969 95585 88430
81796 58916 33834 3138 54998
24707 61453 58096 70363 86459
9155 78862 68526 108514 38531
55419 37872 66405 88847 26738
91133 9737 8865 22319 61025
31570 107395 81810 35906 17434
98349 88229 108933 109678 19221
8490 1588 71536 52804 35651
75701 11775 68665 36850 109475
54891 37270 105165 11302 68084
12237 76090 27205 101608 69556
53436 30000 81834 71842 105976
102035 100209 4114 38711 84144
66629 57633 31217 43541 106158
70250 57660 28020 72398 430
86219 10686 110972 63767 44820
26449 100185 80824 101279 108195
48908 62959 88215 39138 77992
40481 74521 44678 88008 87786
72228 100735 92901 82746 76391
44883 111818 86603 41493 34664
110774 36575 44065 15680 2325
80803 101313 68711 2590 21723
13423 84363 48041 73070 91095
8808 66671 93651 81667 67725
81321 39881 49183 20934 15949
44897 32325 59316 12337 10408
97653 34831 20829 56813 58474
90797 20066 63204 5660 21102
36679 60092 101007 10202 24929
44921 49681 58047 11808 14628
48961 19432 33191 33690 64356
11056 107049 36217 110703 10323
89041 29953 42278 63109 33628
112155 99706 23089 56524 51411
78356 93211 51865 22478 48806
80675 29732 18015 64233 80792
79441 53993 68762 74872 19428
41606 29577 100870 48756 89751
83012 3137 31299 33273 64268
108062 84424 80557 82100 26790
109114 84245 51589 91574 92656
81354 65387 88551 17432 42147
4431 93884 31985 40641 32622
92922 13372 40217 31463 59640
79664 81799 103715 41169 7973
68573 91059 89604 96924 52807
104846 107421 89322 38987 12671
13670 67742 99475 13027 77496
82750 72144 51361 73879 20691
11289 1526 71466 34575 64625
80884 58045 26684 83304 93495
16574 22985 75646 42341 68145
78802 72445 83340 2072 109209
52608 108319 31471 88979 87386
8059 20899 61862 79342 40608
104808 43043 9600 74926 79451
33570 56000 57138 27162 24536
3129 8591 101374 23458 10364
83119 92711 103432 25316 66926
22836 7525 80782 43422 78551
109546 8626 69077 100734 9208
66453 107810 45650 3551 16527
4553 46002 1605 21713 111718
52380 61718 53837 101747 87581
34965 104220 91170 71468 95924
4092 79048 94711 42649 11723
38037 14091 56533 9757 90346
110480 1271 53025 27985 21028
33835 76429 98511 45998 35757
99194 100945 27592 35605 66981
11144 26716 102748 56219 26610
103986 95011 24013 26576 40979
90139 26707 87183 101836 10962
100916 101145 74187 43440 107607
20223 96725 35066 61297 41715
9266 14817 60943 89169 36455
93281 106883 64892 87218 78686
83004 9656 27810 82307 2533
81670 105488 50980 77357 2765
79601 37059 10832 58677 21649
70901 49142 107783 76029 97341
56362 24640 63660 111901 80542
10534 27257 64584 111228 11617
35704 112784 77694 25562 63463
10217 22395 77990 13498 91508
7657 93571 18885 76642 1354
81871 101579 112313 21015 79581
46218 44154 28249 60321 78163
69182 92859 36311 3976 99367
74800 24930 83584 37015 68423
24960 60824 93547 98482 62097
45793 64822 77282 64119 32186
12359 108742 60701 96813 34534
30490 15017 66407 47121 14537
3764 71554 56609 54808 106372
84790 36633 33048 102487 72109
110617 1285 48803 86506 53714
72891 7838 73971 21484 44477
94605 35840 109761 50896 101584
85237 78607 6867 97591 105273
24119 26151 61323 70023 88120
8972 80641 57976 77879 56854
17438 29167 94099 96439 7581
112382 34530 72482 57738 28217
57307 58078 84467 65947 58804
2882 40768 106966 65434 47002
81717 60447 103127 65506 18699
89709 107648 66927 61487 43035
50092 60383 99943 100296 33901
13394 66796 99253 50563 72714
24895 65781 4793 15862 108944
29596 38244 25657 2582 67244
108402 74214 17119 5766 40323
28105 3346 99651 42569 66514
85019 71682 2274 13728 96811
20270 33545 3476 112607 35524
45415 102055 31394 32443 1498
69070 34199 28280 19807 99852
24354 46078 34935 28864 108987
62463 34029 90763 76067 81509
63560 13045 103575 89742 57144
30598 79913 110084 83879 96294
34650 43437 44003 55963 106581
79493 72339 67644 46464 63676
30015 48183 107582 31832 32458
67993 96179 66591 95264 35649
8677 16619 67699 48583 79454
13731 13488 42556 75221 69238
21490 62510 22390 90948 51402
25689 94510 64738 24609 87672
111976 104194 34124 16371 36068
32468 95365 13392 9230 35501
30451 72282 27641 110302 73682
44922 9863 54799 59658 50510
18260 26955 50880 67749 20203
59656 38888 28614 57281 46253
14046 53421 105969 21413 50731
103695 35731 5119 93641 9310
87506 69612 63175 7947 74866
13715 9860 62181 70349 37161
18023 70845 4962 2163 79037
758 37749 22358 14163 16303
55855 109945 13218 61143 3266
32901 86337 1858 111679 67441
46360 101522 85510 2091 40052
39747 63354 93624 27021 52204
50161 61277 91801 59228 47984
35094 50101 16015 81715 14387
97742 105893 30008 50048 3203
97165 89371 98357 34858 13876
57744 75497 83049 63881 57297
218 85748 96759 70630 1944
41671 19721 23965 47530 84554
97785 41805 88205 21805 109665
39001 86004 63538 3421 51651
76739 2641 12201 26638 74905
78491 3541 78797 59932 75533
85092 48612 64459 26688 34739
17403 18861 97330 69076 71767
109659 45672 25906 19822 64396
92100 27881 59462 33849 72810
93987 69100 99127 29693 88186
12735 46938 46609 68301 91313
5856 55574 32762 89628 106493
58529 5580 50549 76262 9710
15123 18311 92480 102770 90151
111895 24711 2411 45928 104038
52041 7848 72123 89490 58478
57222 104637 110381 104282 5161
110958 69788 13168 88889 32174
105703 11587 46110 13588 106499
24872 76098 66388 60771 20179
24059 83984 76636 85905 2456
84577 24121 55782 57487 83207
33575 83573 22883 42519 14973
73984 89715 101910 29037 37142
3714 85535 102504 42456 82842
111007 52225 12074 37320 6612
62847 20702 37000 31852 5556
29843 71026 102425 74838 76782
7644 75829 63352 81522 11185
40746 39991 58485 11858 8543
100256 70254 41504 16212 79819
79077 68589 41785 16454 42267
96904 23867 69417 90293 10824
43773 35080 81242 19664 15231
28498 16109 97525 3916 111026
23756 48847 36103 26734 23725
87384 73097 93437 71971 107740
24669 36833 60688 4853 62500
2774 83630 47439 76853 51533
49626 34834 8296 112118 98691
75616 48503 78457 96324 89642
101072 54464 6953 56380 40058
20138 39997 70535 102161 8025
109298 69445 109377 42945 52119
104241 38559 97350 71036 52150
41643 51149 96958 110634 85016
34598 95103 84330 99732 112001
29910 68970 106359 85441 54603
78283 97167 5111 35301 97145
40033 94971 362 87868 111071
85380 40904 76581 52852 21705
7874 58306 66907 17242 49553
57913 106827 111333 58829 50280
4332 44818 101178 52993 75139
71443 32567 112395 19299 32397
44920 50671 40990 150 92693
95175 1452 15706 96800 95993
91377 110560 12969 107356 107988
97414 27675 109443 33641 30393
27646 73484 53067 71953 29687
25997 12955 31582 106473 108991
71843 5186 42744 40839 112305
8393 60151 31994 99212 95687
58814 7158 9840 66729 9457
59905 59020 2570 43236 109013
52375 29445 80503 5840 81320
78287 73684 8067 82356 81453
18258 88672 92784 22502 51714
33204 57626 53229 18754 107997
109159 69523 35512 24592 13470
68105 95339 74190 85917 87383
31717 17795 15039 22927 35004
34324 84695 41318 57980 34035
64663 17695 39459 111752 1127
49824 82391 51360 53450 26140
29251 105209 97686 102769 97580
74321 31109 112236 26370 90034
26756 59860 22527 60718 16591
87976 80759 87558 85848 4365
81682 29770 71567 51250 32116
1054 64075 4823 71099 104268
83706 93958 87245 5791 88632
17983 35948 14369 99372 64845
1133 107475 8616 31411 38297
111504 14507 48618 12666 10002
34100 77265 41804 9833 42179
95369 9505 78250 72106 36285
1556 90417 64815 17516 28543
74167 108284 60535 46780 108955
32955 73713 24294 19593 106655
36815 106162 10553 71790 12282
33121 22350 101182 74347 77268
47692 71896 22673 79274 98826
81111 43274 43981 71391 97758
31587 13204 20084 107406 58487
16726 93949 75601 25016 15582
18622 80241 15362 49107 75405
102612 75138 31693 22356 76556
11532 85738 25683 93612 100096
55288 11658 52129 7137 78857
25863 44028 50087 32985 90399
42660 42414 105482 71756 67311
59912 74625 7792 24812 60266
58430 48094 36212 29671 66833
103109 87620 94968 14365 18460
48410 39578 75120 104535 76538
46752 3055 66929 47223 9924
8802 41620 56546 6188 97286
46193 106356 11900 40652 108821
152 71873 97788 5893 104869
36390 94655 30483 64627 93544
29544 21686 54444 49578 27504
57590 111076 2303 41365 52951
91356 52482 108461 84463 82380
73769 39635 90306 29029 18896
40188 42807 10481 33083 3065
83089 13690 29019 83935 35113
29990 84813 59590 65721 36503
76497 107774 35109 80348 52736
7108 34631 68276 31701 83266
46371 83873 84745 62794 23952
81154 83077 57082 38782 96245
13567 110742 10018 19115 33706
55785 35078 83864 108318 42066
59556 25499 908 1464 16803
46825 77957 93038 54673 22022
88384 74928 98557 110401 88304
213 14978 12545 30645 87147
18882 33684 94867 105479 61630
65573 39410 63503 46383 103379
76682 55379 18005 100467 47133
84480 44983 72881 101976 2351
20226 61647 109933 100335 69889
105646 15236 29340 35991 38182
80305 104326 99820 52889 91639
111111 62495 12089 18046 39541
151 47771 75697 44163 75800
46443 26191 47723 110705 36482
25238 106998 106627 100138 97960
86216 94440 48706 103964 110522
76882 17893 92461 19638 42710
21306 38946 25045 55340 48974
69132 53990 7153 71396 39099
91975 28550 71376 80510 82071
26061 96128 18837 71553 3465
106289 11057 19365 91670 20285
68761 15298 63631 5734 44120
90615 52099 88493 101300 45684
47298 82098 13214 15579 44955
30488 107023 89822 94587 102856
66351 61517 31215 41792 16602
66765 42460 63398 37269 3952
93702 45463 110586 35317 21946
20439 8060 25967 35358 14367
9446 83619 2978 57472 91851
58412 108659 54371 63787 33038
86144 48597 85297 14021 32759
90854 30512 8971 36402 27423
49080 43906 38106 41713 76605
104006 109486 92397 17598 85316
76389 72962 13637 68802 31227
53616 69377 98645 1011 53694
46850 88554 7545 85035 94859
68987 88017 47296 84414 33657
43488 44131 50595 59609 23379
72279 85886 87283 61280 100010
269 19215 82173 102455 43333
8499 35813 32950 91243 6022
65853 16404 97019 105425 8589
8386 79010 51774 44676 95558
12151 101820 98417 108764 48928
10845 19842 93584 5184 24611
58667 13327 84101 526 5959
58035 90247 87015 17101 22929
14350 80375 100480 75566 18533
24509 98016 95619 106878 14455
51561 33842 96092 44007 87692
71830 106774 50548 50682 85327
13821 5448 1934 52048 17347
102511 63484 4698 34564 37679
46935 90227 15385 79367 44016
19957 88005 106339 18931 36149
92334 20361 7708 4324 112157
86058 108983 29461 6231 109691
43931 48936 3360 60827 74898
32663 74239 31330 5712 53390
18399 50406 46890 66131 70193
47943 109883 96157 11597 105822
93021 32978 14128 24620 32659
29498 111029 5314 6185 99700
108155 31056 39788 32201 17547
76888 22719 90075 107791 15752
78556 73627 110925 14796 3486
15809 66996 110096 31505 100167
51232 75007 41199 32024 38016
97678 73052 40234 74735 42139
18200 15072 103372 50075 12430
55427 21509 91429 45857 104878
78478 38605 68188 46854 41036
63667 56080 77755 39021 11128
11813 38811 29483 62584 31021
53551 76500 59096 63153 91883
16117 50923 99952 15912 39827
37440 68940 1088 84510 71981
88854 23333 7736 51986 16395
30438 70128 75503 47104 30259
100373 100928 96560 59231 5229
35986 71092 28718 81578 49473
95938 82951 75438 106035 37415
106324 29073 36294 44575 112317
24870 22102 50761 57448 25558
107574 27307 17275 13317 55398
79951 65855 39860 60724 71637
70116 6341 28809 38131 41463
69768 57821 8071 68799 11578
15992 31729 74062 38118 28731
3779 81336 45182 99982 81433
60523 55532 40106 30910 60834
20858 47514 54241 12607 49433
62846 84403 105581 58869 80075
36119 57480 58567 50699 12145
48795 22192 75046 100318 75048
110426 35442 87613 73719 36933
91404 13273 13680 91859 109753
81440 88051 9929 38252 46690
87088 80449 91740 107928 72814
60810 92949 42329 42900 71527
14675 83417 104212 52035 18765
108749 4206 35302 102590 48301
77197 96259 79635 74189 96882
75087 3883 66462 56931 14188
10384 34274 107328 83125 88895
33161 61535 77227 10580 45071
59355 58443 100610 49546 34751
110167 74813 5804 78534 43705
92220 87310 39806 36144 112612
61524 38289 20960 20197 51429
43302 49820 106875 15778 64382
48309 24001 106179 101999 56618
42949 99476 112028 51468 50496
106994 59534 11619 80855 26502
93342 79801 34557 14782 12130
112445 29432 100235 45223 63110
89397 41100 1000 50498 18751
34171 22365 19250 87681 106142
28293 35367 36290 26520 71275
58704 3090 72937 52098 55213
5652 37158 34552 109603 59836
105905 49600 74637 92159 61355
1337 86783 1600 9529 102154
54995 77599 46851 12036 70632
4604 85024 67880 46966 79392
21126 60715 89729 9140 37042
85921 17630 50657 57159 62216
106510 76288 111644 12643 34707
74896 7913 6438 7328 47931
51000 1852 15505 15632 71422
56004 24768 27902 87598 54386
31246 33057 103153 35855 20802
65261 23562 52628 99644 85638
65791 71360 106976 25953 22884
37238 29946 53866 106913 69988
73669 3288 30575 17791 73726
84539 76299 36454 32824 20812
97325 7154 54805 63432 90005
83179 84026 66417 55179 73413
81611 10649 48148 110955 46550
33779 68985 100301 95630 2259
46216 24206 13924 73666 93530
67006 30954 62071 108460 20162
95343 21423 6113 16769 81781
26020 13397 87033 98875 54288
80795 99927 55875 19752 79157
107938 44706 105714 32891 102181
23069 43647 10571 50282 82012
24025 8124 85085 34738 13383
111624 88661 10396 109917 26485
51326 26186 3850 80512 54792
72562 86704 23763 66625 63270
103511 13186 18903 30404 55622
26436 28649 76718 68949 109001
48713 34021 12724 26608 44794
18232 89544 30075 41803 35110
87274 64749 100186 97288 33701
75008 33156 321 36960 17095
50028 25930 10776 54318 78069
52460 56476 50702 10438 7493
78581 13018 38153 91871 1424
61695 72 46286 44938 17306
103187 37274 100819 52504 50651
37899 49251 83015 46971 13074
104344 58872 54117 60070 76680
11628 56214 71113 94653 67422
83351 66275 98923 14357 36887
72209 23342 11741 58277 45352
102529 3649 77069 30283 85447
104848 106974 65227 86539 107522
54876 9066 93247 94109 48723
2413 41490 78205 13671 109393
36257 44432 15509 20107 90096
72135 60283 41263 95474 62768
106904 30685 26187 35159 57710
68476 32625 36863 67143 8608
110767 50321 35749 16007 44623
48580 730 19334 3269 40489
8132 84727 59359 63122 65753
31495 108030 20478 79303 65535
22837 23167 4247 37425 44517
97181 32363 18056 105046 13636
55158 57969 37782 36830 28142
89766 3030 3424 94531 73830
33996 110582 93604 38920 50121
62182 86738 103336 38665 73948
12583 63525 3535 60845 64358
71712 69774 13113 80744 56310
106573 56104 101030 25637 96426
40249 33791 72911 77668 59665
32376 6439 36585 86948 83440
65477 46064 2917 22351 88726
58805 23316 98775 85682 73786
41089 38586 60504 98273 41269
48269 87847 87927 62272 83390
38438 38211 41636 32153 44686
15782 27922 20381 74416 3876
94368 102349 18668 35955 19510
19917 32205 95289 72764 61384
84135 89116 89460 71431 92734
51370 23618 95976 57703 85959
34798 96064 21751 29125 12157
83200 11620 22513 91947 87306
81085 45094 52654 81954 90824
30021 36437 35767 7857 56094
24130 97813 100752 32191 103699
81742 86532 89901 29824 56416
11383 84402 104511 2430 19284
34766 27593 94019 9387 33061
65347 110283 69058 54129 51881
99955 38234 19399 105544 14329
109041 12687 23149 106925 90722
48118 105420 48960 88718 25962
62445 14931 75047 95273 12170
34787 8776 92953 81079 13103
13410 86376 23434 17851 41264
51061 84611 14801 67223 94476
14688 94307 71067 102031 69688
81325 81073 73028 103410 38014
33316 27760 4541 2266 71642
10465 41393 99206 105389 24775
7458 75094 52578 53 72015
15514 35260 57232 2614 110946
56266 51325 28104 572 174
5913 12904 71331 55842 87515
50215 26570 100850 3636 33616
31622 17530 39044 53122 96072
10231 71342 67240 17293 18894
20399 5223 9882 63842 3608
10830 95145 85230 78133 1778
84916 34405 99088 37078 64594
64593 75054 73658 85390 110209
2627 44429 24361 88461 68684
96413 48562 111245 82849 36628
106172 22339 111287 6526 70276
56673 42869 23055 43328 39763
51155 111044 35334 26307 28321
107077 112272 106008 11697 62268
76906 92293 65848 30092 78562
13587 99915 51699 25447 62953
70646 37350 44467 100496 108822
91002 31808 25556 92157 87356
48479 13260 2750 101778 105824
36589 101983 90847 107801 10379
88031 16827 97456 14306 49171
101788 26839 45239 8574 2838
82419 48504 54881 102251 65447
71189 85998 108633 24451 25394
55197 1394 62845 90827 71392
21901 13558 96655 16332 12889
49421 68069 57942 52353 20401
94405 33249 18833 25764 68180
108648 89228 31697 93523 84011
19164 85183 89650 73657 71225
20003 3294 79938 90698 63609
168 10669 80686 54629 108095
92603 66764 82807 25524 12045
72380 37381 52418 45401 92944
39163 27061 4137 40540 93986
108693 97749 50207 87707 92449
43927 22268 102449 40534 70231
3125 60495 93356 12287 14967
93425 103749 68018 99550 90426
27855 12482 8916 66408 28296
36767 98763 107962 59718 16909
31319 44086 21729 101867 17477
75960 52711 45063 19169 57347
1170 92070 67585 27348 108456
31677 5225 75858 81404 58855
61747 4939 30608 104617 29637
82240 38194 53454 50477 112399
101292 29000 63010 92545 96090
8670 58197 42998 7062 10794
38647 69494 10452 82582 50151
36265 25011 89833 87427 98755
21961 82604 36428 65013 52967
3875 43055 90230 33332 65972
77680 5316 82446 54999 51358
13615 14775 20955 5132 26386
15394 80207 39533 50839 99522
28559 32556 48180 12620 56357
47490 40660 28691 88627 80617
88463 70541 89072 7960 97444
83722 93076 36380 10117 19970
47791 14579 103158 62659 69308
91756 107735 985 29684 19493
21005 54481 72041 17256 21907
94686 73639 46925 93170 87023
107442 84397 16446 10728 21415
57528 71771 19505 79096 59261
51838 19341 1635 21376 87567
66994 27515 95440 35294 68458
48849 27585 29638 50941 90738
52930 100240 104749 49046 62486
273 96858 7811 35230 90167
67086 2110 101031 64408 18911
85378 55224 95932 80715 15353
112913 40914 22806 12474 21098
86329 99797 25572 76688 44327
93645 18083 36497 84236 16613
20137 7988 75974 96035 25596
65736 35058 85792 30341 85865
20776 63900 69199 94780 3498
53509 68490 2571 45377 789
9487 46811 61753 92042 107851
89167 74727 93681 9760 14304
26004 73131 69545 78694 11074
185 14024 21671 41817 42115
61896 95703 58881 89756 1794
48165 48662 97816 81693 43614
112482 33375 43804 107325 86242
29862 49032 26561 85799 72645
88541 31135 92793 111777 46977
48884 14571 26737 6389 95504
111568 28044 91103 77761 22557
50247 14949 23104 40671 72060
74209 25000 22196 24562 73061
38269 70284 88327 40312 76586
62454 86729 70822 50212 87787
51983 33491 61671 36979 90109
11987 19961 68228 42164 45284
41473 43735 72093 20465 29310
87171 91963 23951 63839 58249
24692 84084 71872 83925 84729
68999 33356 30265 68230 28858
78314 92214 36826 96039 73448
34395 87802 31500 67255 2717
65213 29642 38996 51804 31607
43959 18900 40223 8665 104310
101756 51761 74142 77773 1781
67558 33302 108556 108965 6367
36623 112746 11163 68374 18455
85594 25292 40793 15336 43180
12357 41058 33329 14892 88316
36027 1941 63336 100942 19672
93706 83184 11498 75005 23294
1636 54715 55909 67050 87156
42809 85797 22649 52345 6659
108029 50711 20939 18794 109070
43014 55473 94132 68661 101650
110523 71976 67683 74666 99914
45783 71966 20738 81786 51737
82147 85213 112374 80609 10128
6982 70109 46590 56647 40211
38235 16450 103494 96168 30420
48569 29281 74103 88335 22615
3312 28531 110100 3182 39694
17922 85190 109488 87324 37939
81665 15841 10815 74456 35781
24300 67453 14561 15869 57328
98683 74464 51255 529 101266
37177 55814 84679 27085 58111
31968 45521 100266 44076 29697
6503 25917 24400 78364 103674
99041 8357 69693 81386 90030
17082 97538 13426 100157 30783
67375 3012 42176 11251 70325
53053 90663 48127 27007 31811
17834 109357 97716 32868 56598
5291 79390 78832 70532 17180
15083 53691 25527 36159 55088
91437 23339 107668 42885 26719
34998 21033 99720 93895 38437
2612 97079 4796 76172 35068
70974 106810 92903 97494 83435
44554 34231 99053 89009 33822
63315 111795 107415 106876 18561
37005 36650 14284 19748 11004
73229 14838 27366 4767 1116
6631 75441 62164 57091 63620
40843 57097 101175 5819 88311
55475 60996 48686 104422 86195
86811 40333 80565 9581 87123
67686 28231 36123 93673 46767
59248 66961 109656 54419 51636
65612 41661 99518 67145 18592
67037 14751 17654 49595 55818
13905 12917 111649 34816 69986
9676 48804 84457 71076 16594
64246 99204 13345 66615 63017
12988 93671 75661 83058 66727
56263 4407 83501 39073 28260
78788 9782 37288 46340 97800
20516 41126 106295 79145 79024
103442 47404 2526 70037 106382
21107 6004 45860 104026 45881
53058 47910 101932 16855 54570
34622 19023 51991 86839 70564
52524 99796 33942 109029 61795
39863 49765 29290 56912 72304
37147 2654 103710 21544 41774
31809 91989 83945 63788 79698
14529 50402 88334 15696 31886
52978 63720 105671 106498 17629
85476 78079 88770 52160 39290
14997 11323 89161 38948 109602
48300 36066 92841 108979 21294
21091 3639 29696 55331 91196
59330 30674 83097 32670 75826
87950 75320 94946 18349 17383
87281 73656 98155 63256 107461
105970 12821 5816 85140 18771
62571 35174 13059 80403 75132
19540 10412 34471 42271 77710
53798 84996 79550 34996 46147
91634 45236 60433 33537 68607
93608 110563 45056 31103 2852
84743 92394 68037 11049 11154
25921 96932 20165 7008 9311
11338 52973 47869 4560 24050
27769 48869 49859 4617 69504
91605 73524 39793 13511 79323
106119 5381 5309 24654 35607
18781 85098 2752 46644 105634
23107 33998 57283 66832 24856
93504 84907 57137 54964 33031
110831 91645 42500 102596 26345
28536 70307 35910 11922 37308
34633 31764 31185 79576 74848
94171 92933 55327 76827 11099
29036 66640 103347 27259 107307
99129 104226 44579 107765 42546
69705 31472 38641 58238 4348
67277 24624 18647 57561 12039
2575 88993 88666 107433 86660
80592 104853 53934 79804 94332
59776 54112 69080 78827 39215
102323 72203 30332 50090 32436
15340 112747 55765 44889 1500
35679 15624 451 110070 69241
47054 47500 1555 28813 77963
49941 61036 90761 100545 96151
57939 18635 63713 32689 47596
108938 54954 63970 3980 108362
38744 66999 87204 64305 82526
80111 55291 88281 61259 108876
13099 17992 43695 6461 40056
53981 83292 44450 72112 98549
20355 55921 99585 85777 7926
24585 63327 52316 93034 104985
43266 98622 39937 75025 17835
104428 109730 64609 51083 57766
27339 59666 90561 57665 74107
63775 42235 53511 25112 70737
58913 83545 6357 101832 28629
109698 64370 91747 72495 86661
17706 82859 22869 3784 95191
67968 38306 73419 105423 102317
92759 54597 37289 92364 74322
10639 13579 51251 88557 82902
51072 51778 103383 79652 85919
69607 29491 20214 34839 30746
6308 28704 104961 102901 36661
23299 86746 25813 66277 35703
5811 47139 37976 17757 108541
20867 85262 9054 24670 23033
72331 96878 63902 30924 34815
81517 41719 81684 45714 34101
60682 37454 63396 71145 46671
48719 77752 25627 41513 7969
52144 75344 82203 88477 89521
55798 76135 31184 93776 37198
106106 64146 46530 30679 81807
32716 91941 105847 59954 36797
110438 31424 88837 8428 94954
81864 63500 94989 10451 102976
26278 12507 111703 46407 37426
14493 13277 1023 69168 84796
61408 29802 99985 2243 104190
17619 40638 25204 56274 112061
48994 12589 110642 1308 73798
51172 31731 26450 3516 14175
34026 64126 101873 57302 24978
52469 86748 13336 70735 77802
80556 106637 34004 79232 20723
47796 4771 53388 51588 62431
23558 7565 112552 90708 48129
77882 9675 26493 98872 2469
48357 40548 74342 34725 15347
74631 79889 66537 17099 63227
32672 56451 45882 100269 16987
959 92047 50986 27184 60888
39484 16853 108211 36853 84585
68804 29179 14252 27264 97801
50345 6354 38915 56248 43716
93360 35800 84672 14884 5964
20985 95102 70268 15215 28184
72830 35565 33413 76928 40950
92385 11669 102347 45276 20011
55514 35065 20402 31001 14671
16444 30397 58154 95755 43846
92672 87037 49328 7870 41253
22090 73529 72328 28504 60133
41447 75162 4100 18941 71394
25924 60409 42009 21893 22794
3811 109575 77864 20196 67571
3272 104653 15199 41267 79420
39797 14558 25098 69515 31739
90303 31515 89206 81681 105612
38600 20347 66570 44571 79600
59781 6270 18242 77413 92291
32652 104683 39773 44664 25468
92357 23365 39587 12207 5534
76630 107558 98035 11547 49746
101868 57898 57792 88561 54407
394 24205 89854 87197 35921
88566 51862 106260 34549 51885
96359 21674 111993 76676 104923
11768 29856 104839 7451 11102
66326 52065 82687 78370 35860
78422 62554 74179 85013 84871
55743 421 74536 14168 7990
36095 96058 43286 52935 6669
110125 38042 70928 14907 68528
20631 84078 30952 24061 28188
40439 30795 29902 72890 26054
69528 10172 107696 100514 104546
35188 73226 76141 29206 10455
62457 109416 43495 73927 63690
3663 8412 44944 41213 823
50988 70856 16413 41092 1939
49536 50758 5803 32559 103750
34903 90364 75128 60026 79653
49440 97642 16471 29273 49928
85519 42102 99150 41352 53152
15395 104061 85465 107045 950
601 71984 1386 46828 105193
97985 33268 13658 3783 90804
94287 68613 87442 103356 111719
111284 17812 93289 93813 46579
35714 15712 105146 28851 22449
16362 101880 104500 431 80500
3688 27570 82104 22049 96025
37193 102861 53059 39371 5445
58109 106872 52716 38338 59236
73212 11480 9009 17847 53803
14867 63337 83921 69865 19937
18658 83318 32367 1746 84637
86206 91879 59310 36605 13795
103719 17613 72924 97208 63339
50573 10881 68782 905 32564
82378 15284 111069 9466 60152
6122 91128 22998 26044 54697
83924 80576 1279 39093 79685
9733 1485 38072 33398 20714
56040 91804 11197 106134 88864
67174 35696 80320 28523 19830
28224 107427 59349 41726 7064
74016 2102 103085 62123 74959
18735 67768 15649 38815 37883
96335 27453 54470 92602 10181
90072 89398 50727 86639 39247
1649 8600 42661 7058 48100
47273 105394 29148 38524 75285
15848 52904 5213 34110 9740
75486 101045 3373 112866 57076
4878 1903 7822 29525 12248
60837 10041 97426 75333 93720
97072 110610 112517 66578 52283
8678 11545 60787 77340 28202
97690 91741 89463 25876 56425
43581 83561 112760 60080 73081
98031 4829 89091 77049 7299
8377 95327 94680 110258 26640
39273 54640 95128 40773 3609
52447 34214 6086 56449 1630
87892 55746 105663 74289 45424
6319 21223 1397 13063 97996
45571 105132 20945 12486 65809
66025 24977 107977 24311 28775
37074 45811 43854 98625 78749
55828 49974 24970 65009 23517
95540 50521 22616 90223 65075
2151 76455 4215 58997 27274
86087 58801 107231 42404 3973
27712 95181 72642 6976 35112
35344 22539 95512 97023 92677
84681 50552 67465 13880 46334
44052 74385 58315 6769 36869
98050 26963 76244 3468 102384
72595 106850 59660 90680 72555
70826 95520 44869 31532 55599
48459 21274 42792 51810 93395
19761 50145 61385 112790 59086
59433 86276 93546 46792 53409
74764 56240 88104 27325 29170
24764 87445 51965 16808 35952
13309 67618 80253 51982 76132
106914 71894 90188 40520 78136
12315 112688 41177 59733 75029
6689 30560 26474 7290 93302
54553 22714 41051 88162 105748
58839 99907 82003 66257 63362
46790 85422 75116 73278 93829
89903 101997 20145 100636 12631
48085 27857 90982 72357 42198
87003 42440 102727 55403 20310
111304 2509 98214 65185 6252
94790 51019 13825 8308 79740
81239 16241 23141 27196 21134
17982 6269 41329 47386 86521
65534 98128 30111 15711 20375
10526 31011 98072 71484 29907
2831 87477 86972 5101 22853
63685 34808 39769 32138 74799
50472 15526 962 54676 46812
59770 95842 34777 77441 73547
89489 3205 99140 30759 77826
32572 68130 21249 52306 21189
112591 59371 97215 48380 22227
21506 97333 98716 64180 30590
31761 101682 28133 81282 106639
82601 35448 84145 48306 23527
44498 67301 82960 6741 63589
75147 2222 17733 43864 3447
15422 20890 35754 108495 110777
12970 41864 63976 61371 33185
110024 74362 71507 76353 64705
34851 112573 64516 69695 28672
61074 27682 43776 21329 76952
103669 101255 26300 34269 97898
87388 76109 104184 71306 5001
96506 8938 95132 43310 48283
97070 105696 31187 19538 95511
171 74364 43674 81357 27526
65885 7518 79180 89491 30593
12937 76929 103510 29837 77438
109384 88679 89556 3227 57471
84821 101025 52450 15658 96286
54329 3142 47377 57067 975
110198 111218 90250 23982 41144
25212 104619 92250 32927 48332
29214 17727 62973 24740 1717
69602 49966 35114 45662 12816
45188 88138 85352 74753 60249
80299 66457 16889 110247 65490
3713 54278 76963 90033 5103
54598 31594 102058 65305 69179
64118 107161 84122 77939 35366
111281 72973 79196 84286 5509
39355 50205 80302 26988 70456
46330 3672 57809 25170 66623
89640 99656 26255 94512 85710
32068 101944 47003 105378 35985
99650 30500 41105 93906 108884
74043 24996 26778 1553 66713
13793 100805 45153 60210 85603
96066 5776 29763 61829 59001
34498 61288 53707 24385 81962
39224 104597 91511 102 10843
5605 68658 61053 99238 48108
36721 70162 59713 57350 94591
32587 9014 36097 86952 103084
43315 22559 59858 82905 1235
94257 31259 81477 57447 5855
21747 7585 83334 18795 92144
88243 3301 83860 61115 22855
96726 19234 12365 83636 6610
53080 58185 18796 107195 97611
7237 56429 52161 29954 6814
32573 71652 45184 47352 110470
71230 51010 86283 95669 53429
90447 53842 71237 103252 47919
8127 34383 96745 44798 37731
8894 19909 34473 81731 79595
73333 33134 104568 15569 91809
71556 102917 61864 32179 106591
11667 14899 73522 111882 8930
90169 83923 48098 22003 109182
109133 1561 81293 57902 100099
25770 63453 17292 83246 36574
9375 86396 75171 70688 70285
110935 6991 89288 84963 59941
10038 1917 44451 91610 58781
27494 28218 106492 46316 72309
70975 100694 21229 6653 46975
90294 34594 68847 109740 110562
15356 1874 53480 76259 49504
7502 62693 15874 4865 104473
24278 9847 47327 88814 38476
30808 60264 84419 95591 110421
60195 87279 10885 77675 78
40898 86705 82224 37581 66312
48039 54336 102722 39047 57724
20258 106102 20716 51215 77638
109290 5975 63084 45900 14337
9772 96407 22228 92938 24983
83444 21347 25800 86560 35514
111415 29176 79336 23611 68057
100612 49369 38798 55751 6862
5752 44994 54493 27231 83504
44969 74889 12271 51112 27025
2783 15686 8001 34590 88653
107540 35371 89977 43187 87174
59033 72200 28688 55981 54623
20596 39132 47705 42954 78845
94486 28894 32528 51120 58171
38703 78407 74752 97951 38389
32600 9413 100307 13257 23433
70888 69004 13435 110353 10965
18107 21654 43516 40205 32208
87559 18185 25208 99509 15996
5727 111549 82364 66777 102297
53979 51349 112933 50740 79121
112511 52079 76498 23985 12244
88130 87701 14834 9672 28148
555 6047 84079 24318 12117
1445 56508 60722 11647 48335
73040 87065 79115 69216 60668
14152 19918 39613 59946 11752
17304 21555 20982 81475 35193
29190 2773 8216 25712 103578
3457 47865 97331 111049 25753
14133 51176 100357 49432 9709
85060 1715 2541 10196 98626
80365 112152 108053 24633 57916
95027 53367 37301 6763 16388
88345 9621 38177 10725 73546
15238 64321 40812 4177 86542
109645 14066 40404 32162 92131
37870 31065 3398 44987 30172
85074 105085 8736 21147 41894
36950 17007 38005 104287 18694
98442 13039 73772 16012 24643
79573 41016 85409 12525 41074
20429 94346 104951 33474 86508
106386 48852 89081 85825 100635
63244 61587 98644 83187 29831
104571 5467 108243 34176 42672
66015 78883 30918 75788 63455
49706 100773 66319 85170 74409
11701 51665 98902 106124 87190
17083 25340 44548 68229 111303
18070 57890 50202 80514 50558
104662 16856 92962 84944 85898
60835 25820 11166 85696 107838
79461 45274 46769 37070 10820
31678 56751 8583 37574 58733
108591 97910 4285 48909 87231
67091 54341 24007 11926 71689
21198 97231 1575 32267 32781
64723 17412 54389 60735 52730
87791 74892 2391 96573 49943
6184 5736 100536 28935 19780
687 67519 44858 16984 103555
34706 34536 104697 94071 11716
46153 95002 67818 85711 29097
73057 40741 10536 94403 25533
69432 11284 44072 112611 13055
86622 39432 13513 31516 52114
103668 97670 7844 271 24793
68981 95738 20529 6670 18484
36460 59457 72139 36213 29264
18643 107909 9797 64854 50801
45036 62351 111984 51923 88397
88076 66350 12640 15745 9938
75632 6394 106037 81317 29211
61142 84565 32895 78913 82237
40634 85513 63002 42879 110619
6403 53604 41553 14465 56734
99643 88985 67992 62234 9272
104857 37993 28967 100370 53358
72366 48353 30719 90374 36122
70934 35555 8399 66006 52710
19035 91461 575 64842 209
79612 59698 38329 6191 12086
19535 23384 10256 80921 96361
24858 33418 16906 57992 107177
54364 64995 25408 52024 86971
33760 58490 60019 9779 35072
76561 80611 81162 27265 60576
67176 11839 18873 105462 72946
21182 49999 29452 63272 70330
74566 53508 28795 9281 80878
60159 25497 109781 68475 27861
87504 78568 19794 91964 15630
37168 45139 49021 54373 22582
41436 22183 27845 78527 84258
23391 93489 10444 76735 109961
3837 89391 108059 56890 67052
67936 32450 21286 88195 87216
82311 57369 25745 2531 82017
87749 85572 5591 15694 107806
3603 26967 7562 65976 40889
89482 70066 23465 94475 91558
14912 5910 17321 20388 76883
21945 56226 79131 31202 7482
44064 8554 23533 80963 76854
74768 101748 6704 4126 72568
75608 72894 103675 111486 21660
52189 15793 102549 62390 51352
12682 84407 68199 90134 105908
84589 38281 34173 65272 39259
111033 3651 15610 41581 106020
70729 59410 6770 106227 9116
37863 99498 12300 58355 59320
27156 26134 65509 10419 91823
76588 67299 44964 12360 40584
86867 23228 284 24554 84531
13463 21610 17269 60007 27726
43312 109005 7030 96504 70705
94239 43411 36461 87996 99308
91213 10977 44138 53491 41853
110600 76060 47096 1240 100749
111132 87331 80624 51206 55692
91115 15159 110149 62057 79156
15079 2967 70776 12488 6082
66445 46186 64419 5850 54307
104469 105573 6296 83539 86357
24911 11139 58030 14310 36684
61422 24403 43210 2792 62581
98041 12471 6532 108958 91254
83208 22123 22328 64079 73810
109010 52706 7527 37267 51243
83894 102169 44051 12797 88320
90228 89696 14355 57713 70308
9635 110350 91995 94100 7954
30089 69696 73550 33863 305
82740 106246 11441 58183 108562
70637 18124 72372 14956 78822
72987 3484 50508 57121 44718
64636 41891 96346 83651 18279
65866 73364 111904 54271 98056
104413 2016 73181 5690 5589
99638 28443 50597 83174 92504
60237 46778 93089 24710 85000
9050 25444 42231 68368 108032
71609 27584 14259 104957 84168
100128 97531 58122 89603 5269
7683 108657 106871 45083 28085
36345 60378 59110 90849 91031
49232 93647 79886 49505 39946
44803 100962 5546 72508 66103
26736 94321 11447 3254 59586
29636 69747 77361 76784 92174
94635 60011 16470 19124 87865
50884 54863 14065 88893 54579
85841 89329 59444 96525 101343
92920 33130 83948 2618 27479
83088 45081 64783 95710 46607
32353 20451 91587 71743 27080
72873 54646 23986 43405 9707
65114 97854 96434 62370 81750
99101 83681 79064 90063 106410
31324 6395 55092 66360 45273
101210 82566 77385 45666 18280
28588 18845 97594 4817 76566
67238 75277 57874 35913 31975
62696 34734 57263 65649 20149
20341 82562 27193 73340 88737
13721 2626 109122 20971 1913
10856 35476 37810 81895 86650
32360 775 67215 101464 67569
53764 83409 9928 42395 26264
44962 8335 89423 74196 52154
48302 23441 73120 78566 58734
48197 99721 94886 39751 30545
41639 50777 60394 9616 19507
1401 81947 12790 23694 74026
59224 28593 52218 96999 19469
51980 29857 27657 106014 16600
9864 106471 77208 37216 58527
13550 11410 67761 62493 18304
10712 30276 70812 58712 111720
76087 30835 22036 69948 10216
15063 7900 9111 65849 13269
11743 52624 15758 16625 28349
74169 16348 89662 106438 86330
622 74758 27075 19856 13236
5469 42527 3887 47156 97137
21527 92921 80025 53200 109842
3523 74259 75979 31599 88567
61964 70318 71562 19061 87465
70054 106251 4199 7220 32894
16154 11826 58108 55154 13826
41108 95488 64203 98302 33417
42205 79241 32804 33519 36227
85533 105484 54982 20047 19122
13854 26817 2563 90839 84203
13121 3755 56930 93011 104096
67165 29979 69860 2343 52672
106606 18407 99116 82415 54538
30905 80007 81147 2018 101811
22770 98400 54489 89183 16913
102019 60485 82846 43713 39674
6235 31725 61402 105569 23003
21526 16276 81902 72842 59675
27155 51612 110504 47248 109355
42958 52760 34206 4402 42466
89862 104959 83029 66969 21240
27303 54356 41048 17302 89049
85815 71991 7203 35975 78776
22137 73185 85289 39330 62448
87776 2535 59600 71386 104643
60111 40825 49148 32452 58214
18234 101385 66939 100601 100331
106886 82937 25475 49302 18405
28433 48933 50566 26316 17901
83350 14385 89457 29234 58835
64565 72662 65120 54756 70813
2942 24867 106045 40120 41076
27437 65557 85834 23570 13777
23873 69101 46806 52690 36440
20332 4260 90707 56097 5342
73130 72221 50918 42132 65758
76687 58424 80547 65666 8209
76627 66541 40626 46260 37926
4295 107286 91158 69930 29319
1560 25586 22844 22220 10122
100204 17265 27143 44594 108301
64092 26365 106584 12463 91819
29082 11644 80387 54754 66560
10090 49079 23006 35265 88356
11769 88390 50614 54732 38941
112981 57288 54036 4391 10252
86810 69888 99529 21267 78846
57580 106599 34957 4708 46442
7024 57849 830 20739 34492
87298 39963 37675 92512 38516
43443 112389 61108 14647 51741
17698 15361 96177 83148 89543
65208 8753 111919 79255 47092
112904 98134 14556 18634 53250
69252 43538 5364 98553 57319
44529 4872 50413 42224 62337
41366 43568 89510 24566 76779
59597 49548 16788 13686 110869
95830 89951 44139 12702 16652
106969 34283 60169 94924 514
22094 7927 33608 45122 17933
99336 99837 44532 102834 106765
4845 59311 76711 104973 13265
95728 53344 51532 50038 59768
29291 16750 1672 83896 10024
895 10507 25435 44652 49299
81571 77497 66820 17370 63379
105182 69155 35415 9321 28482
23128 33110 38464 89982 18018
4406 25148 52424 95798 4207
44074 99987 107701 7037 10598
88586 10982 52691 40353 57363
112467 92937 19843 26517 71263
71840 30777 60859 96752 4959
27623 30378 88154 76873 24524
21690 48244 76930 106208 74369
2070 59134 18119 109194 9592
77899 102562 53830 45092 94721
62103 87753 56117 84651 6123
23532 69491 30741 107976 38440
88091 3118 97659 94564 98790
95333 58811 103120 41783 60200
79909 38216 63668 96423 83880
97851 85565 55518 87562 52374
82161 53357 21075 94871 24378
14038 18375 77806 93838 54896
27771 57954 80996 43471 34115
83220 107985 106837 81656 26500
46486 7109 20224 72949 44980
49077 48107 1625 2054 98053
59524 83000 81993 71987 22127
23282 76802 11772 28485 54211
71172 48323 24112 8769 80984
79487 87242 17758 19831 94313
109808 55284 97584 96704 17299
111387 91529 56698 48141 38969
61922 55899 109344 35753 19579
12140 7840 14833 25759 101906
45017 47803 4394 38423 19093
51710 44592 25227 100132 41879
103346 78299 107451 27632 52173
18640 76703 20853 42802 101943
75674 18058 46195 74729 78277
63016 20289 88328 91700 93086
99316 25306 80825 38138 70811
1258 111918 75097 4294 28362
54793 100603 111612 62243 23564
42491 14587 46782 32898 93253
100582 36088 100034 66756 84526
45440 8837 2452 3695 109641
67720 93142 90507 2909 67167
30659 17123 5609 109119 20998
99330 70941 51742 78741 83572
18383 77207 9626 97739 24780
47750 78121 14726 67594 33327
75559 56467 74949 55067 3306
56403 40865 62962 39820 92647
81379 99860 8214 40309 28739
110169 40358 32384 87362 90356
108658 10338 95414 29154 24901
74057 14914 31988 13480 6523
108207 67707 29424 36094 24685
99300 53136 45013 2186 62957
5379 43415 89079 102060 63056
54443 2715 47050 12311 23355
10414 17657 105750 7974 103698
98959 107775 1 34112 3786
21138 98083 38251 58731 67156
86719 66602 41112 11373 81779
14800 98007 47483 48925 26047
84110 90910 95127 50757 9793
86947 72420 24677 76549 54077
41054 59464 84914 70610 1106
109454 6609 18744 39357 20212
112535 53191 83124 9282 18227
22710 13766 20482 75736 66855
79695 108836 98897 73437 67882
51203 61300 89870 38655 69730
13815 95225 24890 2191 25348
21963 112455 102974 88308 92442
50312 25723 45930 89268 96119
43667 38973 97436 21016 103071
1766 27279 68821 108962 46656
50046 13929 98984 55359 86280
95742 92222 35175 39277 87134
16728 68695 101128 78645 110758
89988 63979 43659 90129 64652
84046 81540 18583 8086 69139
81415 102638 46206 34975 33345
30134 106496 100777 79846 16665
84553 13126 111728 60816 97954
24030 62402 30855 77968 58540
8935 53839 58259 38067 27287
22340 60539 112689 58889 13739
96658 86059 54517 35423 53190
37668 98113 14187 110908 103205
54152 69133 62754 82913 5337
73593 103565 56683 54181 67297
90466 53216 3460 89099 93443
92120 104204 21687 75935 72257
83301 109518 67856 85724 99432
52096 104222 45231 73721 3005
56138 42014 56301 24773 27931
77073 61606 35486 41293 92634
54902 70552 68003 46264 32608
87966 66198 51607 37512 97236
10476 86982 8946 75342 102171
106567 94701 31378 92861 51913
61390 72549 87592 12171 104770
91079 27245 93218 98043 58213
92477 72943 58590 99035 17056
18287 10822 93691 92531 74543
53159 102078 69250 27680 15266
39158 105813 110729 70261 18178
96574 58400 50253 9631 59853
93508 41021 77887 112910 77120
84454 36715 42801 74839 49664
82873 30050 12843 75645 18390
33920 93502 47306 15343 301
104759 43835 30363 9351 93663
92252 17701 6206 24650 59305
98806 65320 76468 60395 96456
3081 105014 671 57718 80065
28021 35548 86583 111974 89743
25548 78446 12940 13231 108677
103461 89526 3630 41743 109250
82300 91113 2649 88524 71032
29643 96761 55415 97831 77459
101158 40598 45522 27802 97498
93837 55725 21939 67490 57935
106495 56498 81238 84868 105004
110272 51225 56725 56586 20160
84918 75002 31010 82266 87881
64467 38480 83971 20191 47316
23814 21626 40801 90125 96184
26422 98176 61817 104885 4934
55147 77676 45580 52488 77808
28049 96251 75505 64306 40200
18933 28869 55240 32226 79907
85592 84935 24113 20633 106787
54272 4531 93820 74522 99243
105493 2870 4776 103337 33354
93765 47755 24116 84546 38897
100184 21966 72945 30196 26178
48575 12398 4181 108361 30147
71880 37835 26663 28011 24163
11899 61083 72974 84921 62871
79901 46970 36711 110515 68195
68568 55051 38082 64054 47367
54549 6120 90003 38176 89347
76645 46067 20104 87634 89934
109231 102841 33324 7285 41288
100483 38183 110330 41949 26781
73058 102680 65486 26296 2268
25365 89578 42074 55822 75605
5986 60178 3831 51454 91872
54127 104631 15167 49159 21807
2333 84919 64503 23516 103577
43872 67110 74508 93046 327
34078 63746 5789 43366 66744
17772 71238 73696 76140 45227
7579 102053 13889 72731 31498
103466 88403 8081 33490 53607
94342 45131 108598 73717 100689
65176 23285 111012 41933 108710
21254 27767 44389 67513 59185
45314 16952 68885 39490 54013
87744 94481 79981 112271 86575
85469 107397 64814 20554 111350
15375 81778 1589 78399 96006
26836 48430 41191 47550 85963
50899 64067 39421 72956 100890
92994 18648 75731 49158 61705
42639 59589 25715 76671 85479
7798 99098 80010 31428 23724
40207 29362 59441 29645 19482
10244 40276 41782 45452 33792
20803 49489 86258 80106 70537
33611 62750 61278 37730 20293
52112 92910 19506 29323 43270
76412 17764 51434 6338 27094
41824 103164 73050 49800 18269
33622 87304 55627 76620 30956
79040 79929 96300 83122 27828
108128 11744 37306 112562 28307
47380 80132 96775 38746 24162
64379 75061 20043 56558 13125
41042 627 101986 12963 7751
44370 72212 63190 8779 78094
100594 49788 101057 43734 97355
66200 565 20677 67199 63996
62298 31052 97727 29626 88483
41916 35671 75273 85020 14124
39614 74681 74983 54604 54672
96216 89986 70368 68628 4801
16297 107901 64626 93886 92522
35557 22825 14786 36231 57961
88500 73275 45597 8983 69094
99778 107220 26786 44045 20574
18704 29983 67627 20416 89848
34759 69921 31699 66213 24984
65284 100812 36787 7873 9233
92117 35478 51831 18779 8694
90654 67027 32796 10334 30757
57229 51312 51601 24896 36118
101838 67631 60505 106486 37353
30703 29521 75000 83828 87338
23428 100054 3870 27379 60965
98286 83186 6588 53057 18789
72273 29198 43417 68338 80127
103040 31454 14459 11161 62015
6755 78039 81884 31122 49660
40092 43876 50050 67729 67903
65551 35015 36180 14383 82228
64048 2699 102952 44777 37200
74328 37041 109766 17993 21999
61973 49060 70122 107519 74146
71630 37511 37772 24902 91952
100982 20980 7382 47563 100936
90178 45843 71530 68203 3459
51503 54965 22636 40596 3352
29833 101751 70156 111200 95775
87113 56664 86507 29153 99396
15833 28950 60516 105557 90969
26916 100050 8700 80807 32103
33937 90175 96238 61035 3196
6527 57305 82169 39140 64204
79774 28396 55446 66849 72062
76496 103415 104278 23376 28113
18854 30671 44099 83976 20518
53667 76441 16104 15865 94189
50294 97683 34401 66763 62616
50949 111614 79754 79372 29089
69662 74113 63896 99983 58046
62093 103468 66362 59366 31643
9376 80619 18485 76366 66263
51893 36049 26693 94275 49280
76875 102720 112494 107262 20266
104244 100751 26615 58334 96428
60694 47062 8601 31704 16996
95393 56597 90221 38598 103743
102788 61758 15946 47701 45375
13716 112836 77012 63742 5443
11595 85712 60606 22553 36561
81612 55706 70964 57943 38773
16157 5043 18066 80009 80254
5372 99871 35594 79640 80943
18569 83230 45773 23279 7344
109538 98167 55325 87777 30407
107957 44168 64107 54830 81696
24613 64661 107070 5163 105604
27538 79074 38608 10005 100046
90838 30544 88638 78794 43402
45114 106534 88299 107368 50257
86926 19351 84440 47407 8279
72862 106282 35158 100368 103553
58637 4985 57053 24314 111880
87963 86159 21049 89630 7749
103123 37773 74496 17250 60825
17058 104545 33341 75754 79245
25307 50449 100667 97221 19556
16515 1902 71882 104835 39120
30354 30173 106151 98765 51677
32311 24727 68896 103686 108898
39929 20988 56387 68540 105042
62593 13758 87457 74200 92
41662 88012 108400 33 494
88174 71798 34177 39320 10109
58753 47825 26417 62014 4896
18926 103520 5532 20836 96371
105447 8518 111259 68062 36162
88207 26697 13957 50258 25132
13078 17220 51102 35961 2152
1174 73872 17073 33104 15592
87311 41214 61541 30907 21144
37021 65349 68616 96642 29699
4700 61067 70925 63697 14795
54192 90208 112109 74933 37478
45207 21496 27042 16695 85432
36416 65072 89008 111107 104931
68163 96186 18007 20140 22642
10307 46878 25576 88030 102840
98020 64534 25658 102410 38585
51140 11846 14526 83500 82015
80218 763 72921 108510 72684
51907 3634 93534 67578 73947
96133 79965 49882 48450 31571
45067 12068 22978 70671 86970
92420 54410 74845 47583 59865
80125 40315 62737 28777 14372
106111 52187 14342 10548 3008
79523 32892 72578 21505 105534
91855 56299 19626 18393 6569
13720 42786 112798 30776 33494
5138 22338 90088 103758 39402
110253 89106 30928 63320 68283
92664 23717 48888 46048 26335
69107 70569 101272 16080 101995
17821 79992 71958 40210 102804
26543 56765 33678 22236 34008
108761 107214 98970 34857 11949
39894 103001 86417 94371 88617
89401 45870 7200 107913 16904
22995 7580 81534 88790 39716
41935 24946 85147 44768 69526
53827 34390 52786 49738 41445
78432 22011 46670 12696 74440
75570 46235 33025 28248 12116
3905 55681 45333 6783 10766
82031 68063 100179 19082 18337
4440 57955 88420 92162 3833
87327 104059 70491 81436 101601
65952 63086 16783 80236 75354
5895 65920 65194 56844 92464
22025 11892 5635 54565 94534
98817 57466 7298 75984 12646
5270 31922 8797 45217 60389
72984 39297 34747 26063 70013
78396 58024 25287 57389 51130
103757 43410 92230 62391 65095
15263 44845 2744 49458 9852
29181 91149 66821 55844 101693
13243 59244 66669 24326 16469
51093 24074 46698 3776 28686
15819 111702 99030 28329 103921
38924 81133 27822 93369 85500
89590 19646 30712 97675 40368
24705 94176 14236 35126 84711
5942 108117 100404 103381 56871
44037 89927 29364 10521 82558
9479 89344 56460 89421 76019
91185 89028 65865 40403 24040
77927 97919 40931 29914 31694
80815 38700 37839 85306 88859
2385 100390 104421 29267 15164
75845 15477 98514 15290 63296
34988 9985 77698 96007 51175
31371 55273 99446 93951 53319
61588 77739 112318 87603 17362
30922 71561 23193 30992 73496
24641 109815 49899 49374 64218
52669 95799 77562 103615 81076
109430 72576 109573 42444 92564
49965 25865 102578 106619 77224
57929 15400 80980 35804 55589
73091 109129 59223 80892 2232
41610 5089 56689 20438 16766
6154 36981 88955 54436 104521
42220 20760 23221 9630 94170
108356 55172 51910 59775 58932
38295 3753 9705 83183 6072
42778 73530 11335 31198 41740
33382 52095 15090 57028 23907
58786 93405 92543 76414 57793
63920 81400 84654 87920 112586
5259 21218 37808 7171 7216
106059 36465 57036 41443 103962
60595 87333 62625 76506 28821
65337 37480 38551 12651 64483
2487 29574 22592 17364 25750
67940 29486 20763 105440 56657
92418 102652 94674 99104 83833
14107 72108 56823 11307 51050
33412 97734 77986 16668 25987
42067 15162 13275 447 88058
73328 80693 29090 41911 73779
72804 45691 1021 94471 28769
101252 86850 16261 9981 1045
18361 5170 65715 11929 1484
37081 76261 66437 104782 3855
25944 3062 43623 81704 31800
4223 28068 94821 17201 90171
7078 105258 4163 45473 30307
76181 27614 33902 59971 45784
101335 62143 59601 93017 48910
64658 35199 54001 13548 108973
39731 30317 8969 85673 61728
56968 35659 99658 17473 48285
51950 94113 42049 112402 6806
25166 85893 77185 73160 13885
46313 33841 91003 64935 75779
1754 43608 79838 36277 64872
5367 98169 43331 85983 59306
83849 88983 21754 11811 108333
7403 39608 71933 79578 12088
17106 88569 41615 33655 81344
47848 51835 103694 81643 93491
95356 12044 2809 3240 33679
701 66553 93552 86246 2930
91527 42065 43977 63450 66353
35682 66895 3610 74460 25111
59933 59918 87260 79785 79028
48062 30234 37016 102778 68465
7881 2285 65523 22446 98855
107687 97244 100428 39463 65442
32218 35326 44901 56083 51757
66369 99290 109167 69839 80432
92812 30047 100779 13232 111814
106907 7480 23916 53022 4378
18259 29941 69159 101659 14120
40189 76859 72686 32906 27190
72657 24583 90032 107379 100723
28567 101154 57081 54154 111438
70730 92537 75904 90869 86226
63194 42704 7126 49747 80014
33235 51039 93415 81860 95797
21533 45809 61001 32462 65449
35303 111866 92837 111942 50278
101396 91594 79234 110976 112201
94631 54678 61105 2785 59481
65940 16882 62017 22144 42719
48157 16557 73279 10886 35895
22984 68413 96152 83476 17874
102228 4480 40260 4597 99530
23098 100771 35760 4427 65498
27351 103557 106358 35597 99880
41249 18245 24931 55460 4127
22470 11117 40940 6841 93865
85204 39450 37110 9652 735
64553 67096 44565 72352 1923
73450 39081 106174 90255 61359
108577 71006 5709 87067 3681
101021 70204 32679 51356 91530
59529 84715 9577 24075 106697
18459 45112 9552 39885 32655
53877 60358 88616 64997 57003
38580 11417 44112 79347 30262
111406 112597 33127 38806 43696
18136 52569 9905 44856 37039
28978 72582 39940 13965 67737
15620 37655 26361 109990 44747
40689 30291 103380 90237 23483
83730 74941 78833 33846 78092
54838 47436 33845 18010 78148
45129 30343 37539 88428 36427
27721 112362 63917 82894 22902
70024 76211 17478 34137 26094
17137 48944 22072 43387 55152
109981 49728 28677 65319 83982
44197 108209 103011 36459 90756
43689 32925 24588 52650 63192
100799 52865 35491 74843 54572
50637 96481 11773 68699 95603
57826 80811 89617 110987 50441
50917 50619 104068 74528 16563
17327 35157 6627 47619 95532
2374 34368 32975 32114 41813
63493 2754 98611 73735 109660
45519 112855 14818 74255 32885
83488 10407 45201 77537 112557
57374 25535 9534 103171 50725
40176 92709 70135 19516 85656
110086 46836 45844 49726 65620
99816 18486 24109 68392 34880
112123 35795 34060 30359 4255
84280 112990 18011 18176 4091
51182 64570 14908 87661 81448
21970 49942 3219 69742 89179
64221 675 86224 99753 109658
65174 107689 10178 51070 103871
63768 72113 6425 78572 42895
10054 49197 1051 30965 32968
12822 17990 67435 56473 90760
92687 110075 69031 67973 57571
31819 5300 28805 4863 31250
60263 41954 36565 10662 35137
16233 63555 84446 26874 67208
54892 4298 101418 72975 11565
18990 34048 105571 72707 109324
59602 107617 100831 62172 86940
80797 30592 23197 38882 105574
21396 103596 43272 43752 70396
5683 53530 38553 46722 98554
90183 100900 111813 65663 108459
75223 89219 65416 81559 15753
33770 11559 92744 59758 36050
41369 79977 34293 40848 108982
64882 7760 100319 46909 64178
97860 75157 96358 628 47974
24180 25816 77525 2675 4733
12452 21995 106977 18862 58880
46532 46181 1724 22996 28268
66337 37068 94187 57126 42919
47085 25392 96188 46589 96596
103571 72052 48886 57127 5826
3265 44906 82437 111947 77230
1507 2624 81662 111757 15844
52121 18071 3068 31737 59130
49045 9430 56783 55466 88045
96937 37893 14283 77693 29326
102796 96557 24323 24681 1647
44748 26740 76932 101502 56510
20395 99613 63929 91198 9069
100968 20870 23691 90614 85341
11402 23918 81924 80671 56459
101707 60902 28197 26183 26277
99696 47613 109442 37495 62327
2723 8869 14351 95741 26498
61841 61897 88633 19333 20188
